% -------------------------------------------------------------------
%  Generated by MATLAB on 10-Dec-2020 08:21:24
%  MATLAB version: 9.7.0.1319299 (R2019b) Update 5
% -------------------------------------------------------------------
function z = myfun(x,y,a,b,c,d,e,f)
    z = a*x.^2+b*y.^2+c*x.*y+d*x+e*y+f;                            

a = 4;

b = 9;

c = 0;

d = 0;

e = 0;

f = -36;

x = [-5 -4 -3 -2 -1 0 1 2 3 4 5];

y = [-5 -4 -3 -2 -1 0 1 2 3 4 5];

